248
222
248
254
241
231
230
194
190
211
210
188
172
169
132
130
156
141
134
124
119
90
86
111
99
103
97
97
79
81
89
90
84
80
74
59
56
73
69
63
61
61
50
49
63
58
55
51
48
35
33
43
41
37
34
35
29
29
40
37
40
33
34
25
29
42
40
40
39
43
35
39
51
54
58
58
56
58
58
75
78
87
84
77
73
75
88
104
116
133
139
149
147
149
175
197
203
217
199
205
234
233
231
239
239
235
238
256
253
245
234
227
210
214
238
229
219
215
212
196
193
208
211
202
195
197
154
158
180
183
172
173
168
144
143
141
145
168
164
158
135
134
163
154
155
144
138
120
118
140
138
136
144
150
131
132
153
156
148
153
153
132
131
146
152
154
152
154
133
136
163
162
159
156
159
137
142
166
147
183
192
195
173
177
207
206
227
232
236
218
224
276
281
284
295
317
287
293
306
379
413
434
442
404
414
493
490
500
505
522
455
466
541
555
546
555
582
533
535
594
618
607
610
596
540
550
626
623
651
654
661
607
608
681
676
690
725
723
727
749
786
803
808
837
838
871
887
903
929
942
961
986
997
990
1020
1034
1038
1029
1038
1034
1041
1014
1057
1047
1025
988
988
994
953
916
906
890
830
812
791
777
757
736
723
716
688
681
668
631
588
571
553
535
531
514
504
490
476
458
450
452
432
425
415
410
395
387
391
394
375
366
364
347
338
335
335
344
333
338
345
336
337
331
337
334
332
338
347
346
371
385
383
400
419
443
456
464
468
472
494
520
529
572
598
612
631
672
699
724
741
768
791
807
822
845
879
914
932
963
962
990
1035
1065
1096
1099
1133
1121
1143
1146
1153
1161
1184
1200
1218
1214
1234
1224
1225
1233
1256
1251
1256
1253
1257
1245
1245
1261
1222
1199
1214
1172
1169
1146
1102
1067
1033
988
966
951
934
895
859
802
755
721
716
700
674
642
609
570
553
565
544
502
484
447
426
417
417
410
386
380
385
378
376
377
363
362
349
341
331
331
338
325
316
307
297
305
297
315
321
310
315
323
327
350
369
406
412
428
459
488
509
529
570
596
638
715
766
818
877
912
1012
1087
1125
1165
1215
1258
1317
1375
1419
1437
1492
1501
1496
1540
1576
1593
1614
1674
1685
1683
1727
1702
1762
1787
1778
1783
1763
1769
1758
1725
1678
1613
1575
1534
1475
1410
1328
1269
1212
1162
1131
1096
1043
982
947
893
847
826
780
722
657
615
562
540
539
505
469
451
415
390
373
367
346
315
283
256
242
223
216
197
173
164
154
148
146
141
141
126
118
115
103
95
95
92
88
83
76
72
74
74
72
68
66
62
58
62
63
58
55
56
53
55
54
55
54
54
53
47
45
39
37
34
35
30
29
25
27
31
34
35
35
36
34
34
42
49
50
53
56
60
62
69
71
70
70
69
77
82
82
87
90
100
108
110
109
123
134
139
149
143
154
158
152
161
165
173
193
176
178
187
207
221
226
242
246
258
278
286
301
340
349
375
417
434
466
534
562
604
657
692
710
725
764
810
847
862
871
906
924
949
989
1009
1009
1001
1012
1013
969
955
984
980
965
941
939
924
874
874
855
830
830
816
788
784
765
721
691
692
683
667
631
586
580
565
567
551
531
513
485
466
447
445
430
421
399
375
362
362
357
361
362
353
344
336
330
320
325
315
310
307
299
296
295
286
283
268
277
262
253
245
251
227
220
211
206
201
203
203
213
200
202
196
191
193
193
195
187
188
184
174
162
160
152
132
134
131
121
122
127
129
126
119
110
116
121
121
121
115
104
103
94
98
94
92
95
90
86
76
79
75
66
60
56
54
55
56
55
53
53
48
47
48
50
53
53
59
63
69
68
67
76
82
81
84
85
84
78
91
98
103
111
125
141
154
168
186
203
201
209
237
252
275
310
340
370
405
429
431
466
489
525
559
574
563
573
592
607
614
644
640
634
626
622
639
635
655
642
656
670
679
659
651
646
627
623
626
620
587
552
538
512
524
525
515
474
484
472
449
420
413
421
385
372
333
311
313
302
302
302
279
266
251
248
241
233
229
211
199
179
174
171
173
175
167
163
167
162
152
155
152
164
163
151
125
119
144
144
138
127
121
114
113
131
140
133
135
133
116
118
143
149
148
146
170
158
168
194
193
193
209
226
208
226
273
286
282
272
277
293
283
287
283
292
305
311
314
325
333
337
355
365
372
359
368
375
387
365
395
424
403
426
455
452
479
489
502
503
496
504
522
548
556
536
548
555
596
584
586
589
610
622
621
636
651
652
678
677
700
684
656
684
694
689
714
697
698
695
709
699
689
676
690
668
652
649
611
589
551
536
533
546
511
499
484
448
423
408
411
396
382
353
319
306
292
278
255
262
247
230
224
222
224
222
205
196
180
179
167
169
162
149
138
127
127
128
124
128
123
121
114
102
107
110
116
110
102
89
83
76
72
75
72
70
67
59
55
65
68
67
68
65
62
48
51
53
62
57
52
54
60
65
60
63
62
57
52
59
52
56
62
62
61
57
58
56
61
55
53
50
58
59
66
69
77
75
78
79
82
71
60
