2-3

2 3 5 
7 1 6
4 8 0
@0
 -> 
2 3 5
7 1 6
4 0 8
@1
 ->
2 3 5
7 1 6
0 4 8
@2
 ->
2 3 5
0 1 6
7 4 8
@3
 ->
2 3 5
1 0 6
7 4 8
@4
 ->
2 3 5
1 4 6
7 0 8
@5
 ->
2 3 5
1 4 6
7 8 0
@6
 ->
2 3 5
1 4 0
7 8 6
@7
 -> 
2 3 0
1 4 5
7 8 6
@8
 ->
2 0 3
1 4 5
7 8 6
@9
 ->
0 2 3
1 4 5
7 8 6
@10
 ->
1 2 3
0 4 5
7 8 6
@11
 ->
1 2 3
4 0 5
7 8 6
 ->
1 2 3
4 5 0
7 8 6
@13
 ->
1 2 3
4 5 6
7 8 0
@14
 ->





 2-4
ありg

2 3 7 
1 8 4
6 5 0
@0
 -> 
2 3 7
1 8 0
6 5 4
@1
 ->
2 3 0
1 8 7
6 5 4
@2
 ->
2 0 3
1 8 7
6 5 4
@3
 ->
0 2 3
1 8 7
6 5 4
@4
 ->
1 2 3
0 8 7
6 5 4
@5
 ->
1 2 3
8 0 7
6 5 4
@6
 ->
1 2 3
8 7 0
6 5 4
@7
 ->
1 2 3
8 7 4
6 5 0
@8
 -> 
1 2 3
8 7 4
6 0 5
@9
 ->
1 2 3
8 7 4
0 6 5
@10
 ->
1 2 3
0 7 4
8 6 5
@11
 ->
1 2 3
7 0 4
8 6 5
@12
 ->
1 2 3
7 4 0
8 6 5
@13
 ->
1 2 3
7 4 5
8 6 0
@14
 ->
1 2 3
7 4 5
8 0 6
@15
 ->
1 2 3
7 4 5
0 8 6
@16
 ->
1 2 3
0 4 5
7 8 6
@17
 -> 
1 2 3
4 0 5
7 8 6
@18
 ->
1 2 3
4 5 0
7 8 6
@19
 ->
1 2 3
4 5 6
7 8 0
@20
 ->
評価値：105800
実行時間：30968ms
メモリ使用量：93510416

